0.009248123047028507
0.0586008551369065
0.06250624022851947
0.0687525701403568
0.07319077400642329
0.0720567809496705
0.06824597339182537
0.07051468107454895
0.07231653050620121
0.06879101818845762
0.06960967741513491
0.06978585904917768
0.08359782094793368
0.09338246371517812
0.09131408796200205
0.09455854209560104
0.10853852067809112
0.11860714535391184
0.12974708763963394
0.14127071677767053
0.1527727933402359
0.16586494137603588
0.1730433787227255
0.1770890542376609
0.18099876604325002
0.18826708780283355
0.1982306635761642
0.20604319646558442
0.21214293087985217
0.22190751548575183
0.23613963337421254
0.25155805183287927
0.2651552443766652
0.2770578657151192
0.29152623653488924
0.29997172402120226
0.30843524439662573
0.31524562423527214
0.32119115912225044
0.3308321955726985
0.34386287505108615
0.3523796141810983
0.3637720338923954
0.3715113641068497
0.3827223214679603
0.3936289652196913
0.40223809830675045
0.40932779201567304
0.4103879921418607
0.4163945255428498
0.423258778749995
0.4300796613509765
0.43792905422244255
0.44855458175614293
0.45164677354954735
0.4551869903150515
0.4598356230159704
0.468106842030871
0.4706148660200187
0.47217550339599595
0.47596840572031557
0.4813689796582877
0.48437950549423336
0.48891870905685714
0.4936448523919593
0.49855361499852363
0.502976176301955
0.5061635561935506
0.5102521585564488
0.5140897287950595
0.5180124744689675
0.5234951001179048
0.5294049405335296
0.5338849600612275
0.5386904539286085
0.5461589787596879
0.5552225996827053
0.5612299624666119
0.5705650986509657
0.5804883218754746
0.5912581752685262
0.6010286516787477
0.6073479852163645
0.6135140032087172
0.621886241845602
0.6322610488377374
0.6372752591179636
0.6404332710934042
0.644098809481974
0.64770590037701
0.6513807190617481
0.6552573390397753
0.6592261469945141
0.6615369009509025
0.6632667090597345
0.6645031133382788
0.6655605105295953
0.6678755746386333
0.6704063966822636
0.6749532036216083
0.6780270239236784
0.6819752712657191
0.6865016963348204
0.6916799676126034
0.6953869727081429
0.6988962480523954
0.7025064352864516
0.7045304309962906
0.7055344908351696
0.7068539685826747
0.7088201820481197
0.7116601983579016
0.71314060534337
0.7152722136246397
0.7158207311246598
0.7171114230123032
0.7192910789095379
0.7219498971299185
0.7261064820174964
0.7295199927529314
0.733665194694109
0.7360910501412734
0.7387848465888379
0.7409914865998002
0.7420451024987046
0.7442248232081452
0.7459692235409635
0.7493587506984842
0.7520126996670959
0.7557626643485903
0.7583229535537787
0.7601665244330625
0.7629982458166784
0.7641741140374098
0.7662455792691942
0.7678477277539353
0.770685373277237
0.7726147314094726
0.7741156929105796
0.7767883163955537
0.778137558094011
0.779156261362566
0.7815554139501381
0.7838742420917997
0.786623558845444
0.7887932638312632
0.7901013427606608
0.7913253315075596
0.7928656195569661
0.7955524836686251
0.7960954094055861
0.7974925040538342
0.7985881863641406
0.7985999092623717
0.8000912700802797
0.8001302435147287
0.8019450394395339
0.8021916748088852
0.8029812845960645
0.803254243151624
0.804113844936279
0.805573263956257
0.8061962488298892
0.8079830560035329
0.8104686635073027
0.8111304480093263
0.8113771386579056
0.8142363251721357
0.8177006907715744
0.8209719978676457
0.8231098212788828
0.8258420489019263
0.8270675823989971
0.8271107460063177
0.8275442091078272
0.8285370163094874
0.829117564937944
0.8300311029068218
0.8303784915365264
0.8310699461820926
0.8323885650889036
0.833255046298237
0.8336076397234582
0.8346074092603794
0.8346513607323084
0.8360389261043486
0.8362733061779161
0.8368838710910478
0.8365651444884231
0.8379971837152982
0.8385433498013258
0.8394820268916534
0.8418881809221614
0.843723535116476
0.8457678952487598
0.8471806312505993
0.8473124135383197
0.8477409031699008
0.8484960887680533
0.8494001635908041
