1.610877872491867 4.669145141383594 1.0 0.03 67.96916868298442
3.0593132624742747 1.823710292378271 1.0 0.03 229.85077981887514
1.1726043121371332 2.9416010537749324 1.0 0.03 98.4400651083997
3.7732060062777304 2.2070896070851176 1.0 0.03 233.1473272102901
0.13625848034121424 4.3748366735269215 1.0 0.03 196.4029599486866
2.640200938563868 2.1421605423940266 1.0 0.03 154.06919735924907
3.130016707075537 0.4084781845689467 1.0 0.03 236.01135662956574
3.478477912752767 4.146453508880538 1.0 0.03 123.89893155955383
0.9925576284425353 2.0317616057938155 1.0 0.03 152.1959848257473
3.5326193906205945 0.92096045748362 1.0 0.03 254.65530076966473
