1.3821375238791267 4.696342859955921 1.0 0.03 -179.53476339918006
2.799986161191607 1.8022459463677947 1.0 0.03 -179.71858106170913
0.9282159518611093 2.972928759238095 1.0 0.03 -179.64481420822628
3.5152409622713097 2.1852015293142877 1.0 0.03 -179.37926927049523
99.86749197595891 4.365798012806499 1.0 0.03 -179.26003362679447
2.373237910670753 2.1567590776605146 1.0 0.03 -179.93663385369587
2.873259964749215 0.384909949497582 1.0 0.03 -180.12044183868184
3.22175283677099 4.170077117897038 1.0 0.03 -180.16904201637314
0.7260271649451863 2.044941113117972 1.0 0.03 -180.10178812479697
3.2846896062048665 0.8938080218517078 1.0 0.03 -180.54683281497122
