10.207392277190001 2.9714536474526194 1.0 0.03 -1.3453738457323874
9.208167617348215 2.29661469473575 1.0 0.03 -1.6065391490510517
8.273527916047051 7.003861374263914 1.0 0.03 -0.5011563817233096
6.348342351074325 6.708607733746124 1.0 0.03 -2.031732305329947
9.06400868622395 6.665891203098751 1.0 0.03 -0.4757554115147251
2.5993637584546336 3.8033747429449627 1.0 0.03 -1.452154600940432
0.7716375117092279 4.9655201967452625 1.0 0.03 -2.0732529003462057
5.185924013472095 8.413017192103279 1.0 0.03 -1.62945266852268
5.754110478067744 5.100091899849007 1.0 0.03 -1.7937375539621272
1.7297552261010671 1.592218548257188 1.0 0.03 -1.5916075412461153
