9.95153006049709 3.002234255049242 1.0 0.03 302.08952186273143
8.950321956862672 2.2769102676659756 1.0 0.03 53.35249573900161
8.058124388509674 7.025767564026044 1.0 0.03 215.09409187059387
6.088399607190793 6.736083396199971 1.0 0.03 311.85045664892874
8.8504900377071 6.657771214396978 1.0 0.03 151.60862804619495
2.356746844570065 3.838785975025284 1.0 0.03 275.13692800862293
0.5054119151547576 4.984596128045657 1.0 0.03 331.147622625937
4.974258836302841 8.409200055203872 1.0 0.03 160.28166258188145
5.525496155670416 5.07720502175797 1.0 0.03 112.18619021239577
1.508997555502224 1.62175065291164 1.0 0.03 230.33452641742707
