1.6221310364178942 4.696954605629673 1.0 0.03 180.29845644233194
3.039969847445355 1.8007792589297114 1.0 0.03 179.7692482472396
1.1682010693571623 2.971276151972253 1.0 0.03 179.43103394336467
3.755213222221895 2.183084196821594 1.0 0.03 179.2014139611325
0.10747949872340802 4.366364943063671 1.0 0.03 180.56142724234508
2.613221253932266 2.155279102420924 1.0 0.03 180.1884054250265
3.1132458500214106 0.38360373274242276 1.0 0.03 179.81993972144295
3.461746023823469 4.171354189450708 1.0 0.03 179.8036460725665
0.9660211797546835 2.0457550646599074 1.0 0.03 180.49561349803992
3.524680626585236 0.8920299195420106 1.0 0.03 179.7166618560234
