9.967467370017324 2.976817682399566 1.0 0.03 -1.1103744884901563
8.968228665579394 2.3009799536409616 1.0 0.03 -2.584488349436734
8.033578118344808 7.008519937493867 1.0 0.03 -1.5365493996930024
6.108415268302075 6.713736734026879 1.0 0.03 -1.8862850952270955
8.824098432124023 6.672035966576644 1.0 0.03 -1.4387175119414748
2.3594329318331027 3.8089064680813043 1.0 0.03 -1.1895474976688798
0.5316878926092575 4.970119491391703 1.0 0.03 -1.1976076935227518
4.946017958008119 8.419321951920532 1.0 0.03 -1.760072432196625
5.514167627168853 5.104983870582017 1.0 0.03 -1.5986717908013062
1.4898484336525935 1.598657122813623 1.0 0.03 -1.202649540482204
