1.5921314434296263 4.696798334908614 1.0 0.03 179.9239102924699
3.0099700907416103 1.8009000799383084 1.0 0.03 179.16899681569475
1.1382025485171197 2.9715740570066655 1.0 0.03 179.40629925433723
3.7252161361738736 2.1835023219554897 1.0 0.03 179.2899515650064
0.07748093894555107 4.366070985151134 1.0 0.03 180.07757027708018
2.5832214161253795 2.1551804537488435 1.0 0.03 180.5474376869731
3.0832459981645255 0.383698011928622 1.0 0.03 179.12150781541578
3.4317461999905485 4.171456999925453 1.0 0.03 180.50889487983392
0.9360223021078548 2.045495565275323 1.0 0.03 180.24343611426764
3.4946809934070875 0.8921782744426094 1.0 0.03 179.22918532724992
