9.997461736607434 2.9762363280686395 1.0 0.03 -1.9815859099733042
8.99819815000763 2.2996271775671904 1.0 0.03 -0.9209273199686465
8.063567331038271 7.007715498542629 1.0 0.03 -1.3132883760626
6.138399012012221 6.712749255862939 1.0 0.03 -1.533342018276145
8.854088974670098 6.67128273501064 1.0 0.03 -2.3962152704748325
2.3894264664543776 3.8082836672123492 1.0 0.03 -0.8165988094953478
0.5616813393200164 4.969492471129774 1.0 0.03 -1.0655189218511518
4.976003804212402 8.418400525085056 1.0 0.03 -2.1876216137413653
5.544155950030074 5.1041469165981 1.0 0.03 -0.8026741586903536
1.5198418250714307 1.5980274632258993 1.0 0.03 -1.2532712335850842
