1.5621314698840167 4.696838175374602 1.0 0.03 180.22307234242245
2.9799732460641297 1.801335176933361 1.0 0.03 179.4487864820211
1.1082041590785598 2.9718849124272495 1.0 0.03 180.29447341187816
3.6952184398232846 2.1838740929304867 1.0 0.03 178.80593325273807
0.04748096643946782 4.3660303694614395 1.0 0.03 179.35951281888381
2.553222785467838 2.15489382040741 1.0 0.03 178.84663170317583
3.053249524416079 0.3841579713385225 1.0 0.03 179.00641689318167
3.401747383302639 4.171190546692823 1.0 0.03 180.4539343699962
0.9060225728870888 2.045368102807448 1.0 0.03 180.6423040354502
3.4646837082167736 0.8925818598870597 1.0 0.03 179.657538535199
