10.027443796356419 2.9751989789430624 1.0 0.03 -0.522770761186937
9.02819427486798 2.2991450019122013 1.0 0.03 -1.9886234059818235
8.0935594506579 7.007027922567244 1.0 0.03 -1.0026870640844494
6.168388269690678 6.711946495690077 1.0 0.03 -0.6323054150833449
8.884062742491805 6.670028445342979 1.0 0.03 -1.6878637436319894
2.4194234195689224 3.807856111550721 1.0 0.03 -0.7013095250729033
0.5916761518474771 4.968934598884107 1.0 0.03 -2.023686805850912
5.005981939808322 8.41725536736988 1.0 0.03 -2.0643496116122284
5.574153006168029 5.1037266511386505 1.0 0.03 -1.4268081335389555
1.5498346484701058 1.5973713042696336 1.0 0.03 -1.804837284487841
