1.5321316972559744 4.696721375264318 1.0 0.03 179.2334386753296
2.949974634361062 1.8016237872044216 1.0 0.03 178.92980468170492
1.078204555299309 2.971730727188141 1.0 0.03 180.07171171760953
3.6652249544192177 2.1844992595610937 1.0 0.03 178.9954907488733
0.01748284083981441 4.366365720780832 1.0 0.03 180.5451132765782
2.5232288635609375 2.155497681850735 1.0 0.03 180.1024074247979
3.023254035111559 0.38467818416267696 1.0 0.03 180.143256389234
3.3717483248233036 4.170952869698942 1.0 0.03 180.25653437397787
0.8760244579365379 2.045031800244957 1.0 0.03 179.63569400220553
3.43468424409748 0.8927611712230505 1.0 0.03 179.70536651528658
