10.057442547635004 2.9749252606104046 1.0 0.03 -2.1760014223712023
9.058176206975826 2.2981039701737207 1.0 0.03 -0.6452301330538595
8.123554856925056 7.006502943645521 1.0 0.03 -0.8242600548387635
6.198386442872229 6.711615428069104 1.0 0.03 -2.066100202274245
8.914049726137689 6.669144809772436 1.0 0.03 -0.9004031122053111
2.449421172274122 3.8074889159112058 1.0 0.03 -1.4817833387638057
0.621657441259064 4.96787521924551 1.0 0.03 -0.7170804389591316
5.0359624698280125 8.416174710283451 1.0 0.03 -0.5768800968254488
5.60414370463134 5.102979653359017 1.0 0.03 -1.7296360476807002
1.5798197656171606 1.596426449954198 1.0 0.03 -2.2204454720501943
