1.502134382188179 4.697122733861346 1.0 0.03 180.59279103463854
2.919979867466212 1.802184107580287 1.0 0.03 179.10745982615234
1.048204578797054 2.9716931790304075 1.0 0.03 180.2990641780698
3.6352295648632214 2.1850251924313597 1.0 0.03 178.80523425462084
99.98748419857864 4.3660803044425185 1.0 0.03 179.84528456682028
2.4932289114800503 2.155444061477048 1.0 0.03 179.2082966362465
2.9932541288836867 0.3846031753708301 1.0 0.03 179.20103147547223
3.3417486255253617 4.170818549063613 1.0 0.03 180.74676508067174
0.8460250643616454 2.0452225491340577 1.0 0.03 179.83159586329975
3.4046846407491085 0.8929154402749924 1.0 0.03 179.71425129719998
