10.087420914864513 2.9737861828023786 1.0 0.03 -1.4934493572750547
9.088174304712274 2.2977661356068153 1.0 0.03 -0.7634482342484541
8.153551752601278 7.006071376976457 1.0 0.03 -0.3964602996916957
6.228366939859993 6.710533854970931 1.0 0.03 -0.39971141234989616
8.944046021796067 6.668673379210075 1.0 0.03 -2.1750340066041236
2.4794111401891414 3.8067131424545093 1.0 0.03 -1.4168758961061416
0.6516550917556699 4.967499766607387 1.0 0.03 -0.5883589904811433
5.065960949233439 8.41587266167445 1.0 0.03 -1.7745586340792967
5.634130036080622 5.102074155587758 1.0 0.03 -1.30853111747787
1.6097972402507652 1.5952641184216343 1.0 0.03 -1.410511685022675
