1.4721359878178082 4.696812354738808 1.0 0.03 180.39440712759315
2.889983507393918 1.8026514216216871 1.0 0.03 180.3786489032861
1.0182049874680354 2.971536590103986 1.0 0.03 179.22628729678007
3.605236087088306 2.1856507249770014 1.0 0.03 179.56961048742554
99.95748430795237 4.366161313155451 1.0 0.03 179.2259804756683
2.4632317754210344 2.155858583197712 1.0 0.03 179.89484815147904
2.963257045627584 0.38502150075428704 1.0 0.03 179.80618348522475
3.311751173574799 4.170427554851785 1.0 0.03 180.3309135708241
0.8160251939455889 2.0453107252068814 1.0 0.03 180.08741068527888
3.374685013839126 0.893065057325675 1.0 0.03 179.75772206808176
