10.117410724202314 2.9730043030914337 1.0 0.03 -1.6447378119844362
9.11817164154308 2.2973664068748305 1.0 0.03 -0.41599018369550333
8.183551034404138 7.005863792505498 1.0 0.03 -1.0385342079574422
6.258366209835671 6.710324568262453 1.0 0.03 -0.22608751516222303
8.974024408254165 6.667534807574662 1.0 0.03 -0.72406974147689
2.509401967694085 3.8059713435810085 1.0 0.03 -1.9798480358364152
0.6816535100452845 4.967191707974467 1.0 0.03 -0.9595405609703429
5.095946561513202 8.41494365348947 1.0 0.03 -1.7451557615190074
5.664122212686181 5.101389069855204 1.0 0.03 -0.6572435977354467
1.639788149967072 1.5945256508269856 1.0 0.03 -2.0872303519943323
