1.4421366985955002 4.696605845280643 1.0 0.03 180.41618020346613
2.859984162509335 1.8024531629626943 1.0 0.03 180.62162094158379
0.9882077227295152 2.9719416928158098 1.0 0.03 178.9479634586057
3.575236933472048 2.1858760742795473 1.0 0.03 180.48314979686205
99.92748704538361 4.3665665765037796 1.0 0.03 180.70444083712886
2.433231825942937 2.155913640545943 1.0 0.03 179.07426419522366
2.933257217270996 0.38512298265057254 1.0 0.03 179.6942609350422
3.281751673924844 4.170254289874536 1.0 0.03 180.48323130105513
0.7860252288576075 2.0452649570968493 1.0 0.03 180.65017089194205
3.3446852820479505 0.893191913376137 1.0 0.03 179.0552403176154
