10.147398364456915 2.9721432386568023 1.0 0.03 -0.17642293570804934
9.148170850845789 2.2971485968375824 1.0 0.03 -0.20344287112622306
8.21354610634721 7.00532004704118 1.0 0.03 -1.6165784947456603
6.288365976275603 6.710206189423543 1.0 0.03 -2.031423657686884
9.004022012727484 6.667155695635707 1.0 0.03 -1.2150766761912182
2.539384058893763 3.804934903860522 1.0 0.03 -1.5274681474089136
0.7116493031420852 4.966689317196361 1.0 0.03 -0.9073120178336873
5.125932646590153 8.414030033350766 1.0 0.03 -1.0629815680367678
5.694120238927921 5.101044945459229 1.0 0.03 -0.42051740255824566
1.6697682460419896 1.593433021274622 1.0 0.03 -0.8777138912811466
