1.4121374900153179 4.696387935751899 1.0 0.03 -179.91391153868494
2.8299859281121313 1.8021276893840235 1.0 0.03 -180.22585478718048
0.9582127797584928 2.972492506908872 1.0 0.03 -180.833209942753
3.5452380000854182 2.1856231006355786 1.0 0.03 -179.19483158338457
99.89748931279108 4.366197741436474 1.0 0.03 -179.23655196059394
2.4032357416542784 2.1563983335907717 1.0 0.03 -180.68898702748183
2.9032576443879687 0.38528306649091576 1.0 0.03 -179.28738066121417
3.2517527408981035 4.170001273556589 1.0 0.03 -180.14485217456055
0.7560271603650172 2.044924535719936 1.0 0.03 -180.03166049970412
3.314689360345018 0.8936865659729578 1.0 0.03 -180.23196427532253
