10.177398222238532 2.9720508639696495 1.0 0.03 -1.1406748789009327
9.178170661728823 2.2970420746231923 1.0 0.03 -0.8162630714435108
8.243534166169853 7.004473720819497 1.0 0.03 -1.169576997825871
6.318347122362069 6.709142761315025 1.0 0.03 -1.0218815622909132
9.034015266871169 6.666519530663169 1.0 0.03 -1.2001050040178287
2.569373398712303 3.8041352181421813 1.0 0.03 -1.45255623323751
0.7416455417358039 4.96621426958959 1.0 0.03 -1.3256997728681483
5.155927483793673 8.413473489431267 1.0 0.03 -0.8714973076619112
5.7241194309267485 5.100824765038887 1.0 0.03 -1.3998086615056513
1.6997647260356565 1.5929734693302846 1.0 0.03 -1.4419452526283132
